Prøvetakingsdato,Kumulativt antall,Nye tilfeller
2020-02-21,0,0
2020-02-22,0,0
2020-02-23,0,0
2020-02-24,0,0
2020-02-25,0,0
2020-02-26,0,0
2020-02-27,0,0
2020-02-28,0,0
2020-02-29,2,2
2020-03-01,2,0
2020-03-02,4,2
2020-03-03,6,2
2020-03-04,9,3
2020-03-05,13,4
2020-03-06,16,3
2020-03-07,20,4
2020-03-08,31,11
2020-03-09,71,40
2020-03-10,105,34
2020-03-11,133,28
2020-03-12,152,19
2020-03-13,163,11
2020-03-14,165,2
2020-03-15,171,6
2020-03-16,186,15
2020-03-17,202,16
2020-03-18,219,17
2020-03-19,242,23
2020-03-20,266,24
2020-03-21,273,7
2020-03-22,276,3
2020-03-23,294,18
2020-03-24,308,14
2020-03-25,315,7
2020-03-26,325,10
2020-03-27,333,8
2020-03-28,344,11
2020-03-29,348,4
2020-03-30,357,9
2020-03-31,360,3
2020-04-01,366,6
2020-04-02,373,7
2020-04-03,375,2
2020-04-04,377,2
2020-04-05,378,1
2020-04-06,380,2
2020-04-07,384,4
2020-04-08,385,1
2020-04-09,385,0
2020-04-10,386,1
2020-04-11,386,0
2020-04-12,387,1
2020-04-13,388,1
2020-04-14,389,1
2020-04-15,390,1
2020-04-16,392,2
2020-04-17,393,1
2020-04-18,393,0
2020-04-19,393,0
2020-04-20,396,3
2020-04-21,398,2
2020-04-22,398,0
2020-04-23,420,22
2020-04-24,421,1
2020-04-25,421,0
2020-04-26,421,0
2020-04-27,429,8
2020-04-28,429,0
2020-04-29,433,4
2020-04-30,433,0
2020-05-01,433,0
2020-05-02,433,0
2020-05-03,433,0
2020-05-04,434,1
2020-05-05,434,0
2020-05-06,435,1
2020-05-07,435,0
2020-05-08,435,0
2020-05-09,435,0
2020-05-10,435,0
2020-05-11,435,0
2020-05-12,436,1
2020-05-13,436,0
2020-05-14,436,0
2020-05-15,436,0
2020-05-16,436,0
2020-05-17,436,0
2020-05-18,436,0
2020-05-19,436,0
2020-05-20,436,0
2020-05-21,436,0
2020-05-22,436,0
2020-05-23,436,0
2020-05-24,436,0
2020-05-25,436,0
2020-05-26,436,0
2020-05-27,436,0
2020-05-28,437,1
2020-05-29,437,0
2020-05-30,437,0
2020-05-31,437,0
2020-06-01,437,0
2020-06-02,438,1
2020-06-03,439,1
2020-06-04,439,0
2020-06-05,440,1
2020-06-06,440,0
2020-06-07,440,0
2020-06-08,441,1
2020-06-09,441,0
2020-06-10,441,0
2020-06-11,441,0
2020-06-12,441,0
2020-06-13,441,0
2020-06-14,441,0
2020-06-15,441,0
2020-06-16,441,0
2020-06-17,442,1
2020-06-18,442,0
2020-06-19,442,0
2020-06-20,442,0
2020-06-21,442,0
2020-06-22,442,0
2020-06-23,442,0
2020-06-24,442,0
2020-06-25,443,1
2020-06-26,443,0
2020-06-27,443,0
2020-06-28,443,0
2020-06-29,443,0
2020-06-30,444,1
2020-07-01,444,0
2020-07-02,444,0
2020-07-03,444,0
2020-07-04,444,0
2020-07-05,444,0
2020-07-06,444,0
2020-07-07,444,0
2020-07-08,444,0
2020-07-09,445,1
2020-07-10,445,0
2020-07-11,445,0
2020-07-12,448,3
2020-07-13,450,2
2020-07-14,450,0
2020-07-15,450,0
2020-07-16,450,0
2020-07-17,451,1
2020-07-18,451,0
2020-07-19,451,0
2020-07-20,452,1
2020-07-21,453,1
2020-07-22,453,0
2020-07-23,454,1
2020-07-24,456,2
2020-07-25,457,1
2020-07-26,457,0
2020-07-27,460,3
2020-07-28,462,2
2020-07-29,465,3
2020-07-30,466,1
2020-07-31,471,5
2020-08-01,472,1
2020-08-02,472,0
2020-08-03,476,4
2020-08-04,476,0
2020-08-05,479,3
2020-08-06,485,6
2020-08-07,486,1
2020-08-08,487,1
2020-08-09,489,2
2020-08-10,494,5
2020-08-11,498,4
2020-08-12,503,5
2020-08-13,503,0
2020-08-14,505,2
2020-08-15,506,1
2020-08-16,508,2
2020-08-17,511,3
2020-08-18,513,2
2020-08-19,513,0
2020-08-20,515,2
2020-08-21,518,3
2020-08-22,521,3
2020-08-23,522,1
2020-08-24,522,0
2020-08-25,523,1
2020-08-26,525,2
2020-08-27,527,2
2020-08-28,529,2
2020-08-29,529,0
2020-08-30,533,4
2020-08-31,539,6
2020-09-01,543,4
2020-09-02,547,4
2020-09-03,552,5
2020-09-04,554,2
2020-09-05,558,4
2020-09-06,561,3
2020-09-07,567,6
2020-09-08,571,4
2020-09-09,574,3
2020-09-10,575,1
2020-09-11,577,2
2020-09-12,578,1
2020-09-13,586,8
2020-09-14,592,6
2020-09-15,597,5
2020-09-16,599,2
2020-09-17,601,2
2020-09-18,604,3
2020-09-19,612,8
2020-09-20,628,16
2020-09-21,665,37
2020-09-22,669,4
2020-09-23,681,12
2020-09-24,692,11
2020-09-25,695,3
2020-09-26,697,2
2020-09-27,698,1
2020-09-28,705,7
2020-09-29,713,8
2020-09-30,719,6
2020-10-01,722,3
2020-10-02,728,6
2020-10-03,731,3
2020-10-04,744,13
2020-10-05,763,19
2020-10-06,778,15
2020-10-07,787,9
2020-10-08,788,1
2020-10-09,792,4
2020-10-10,792,0
2020-10-11,796,4
2020-10-12,799,3
2020-10-13,810,11
2020-10-14,818,8
2020-10-15,820,2
2020-10-16,824,4
2020-10-17,828,4
2020-10-18,835,7
2020-10-19,849,14
2020-10-20,866,17
2020-10-21,877,11
2020-10-22,893,16
2020-10-23,906,13
2020-10-24,914,8
2020-10-25,923,9
2020-10-26,959,36
2020-10-27,977,18
2020-10-28,1002,25
2020-10-29,1018,16
2020-10-30,1052,34
2020-10-31,1064,12
2020-11-01,1091,27
2020-11-02,1108,17
2020-11-03,1131,23
2020-11-04,1165,34
2020-11-05,1195,30
2020-11-06,1212,17
2020-11-07,1220,8
2020-11-08,1230,10
2020-11-09,1251,21
2020-11-10,1276,25
2020-11-11,1280,4
